helmat 0.254359 10 158 64 187
helmat 0.58438 196 0 218 17
helmat 0.674665 7 0 33 17
helmat 0.732427 261 0 284 23
helmat 0.777752 231 0 255 17
helmat 0.869385 299 0 326 23
helmat 0.893087 341 0 366 27
helmat 0.914014 380 0 412 37
helmat 0.92357 8 158 33 186
helmat 0.928004 133 166 154 192
helmat 0.928398 47 161 68 188
helmat 0.928691 71 166 92 192
helmat 0.932922 165 158 186 184
helmat 0.9352 104 157 127 182
helmat 0.936535 196 157 218 184
helmat 0.937961 380 139 408 176
helmat 0.939529 261 151 284 180
helmat 0.940448 301 151 324 182
helmat 0.941578 340 148 366 180
helmat 0.946106 232 158 253 187
