helmat 0.695769 184 206 226 285
helmat 0.837897 368 176 407 230
helmat 0.89062 500 217 561 308
helmat 0.930309 672 170 718 239
helmat 0.9317 344 232 413 323
helmat 0.935584 805 140 849 210
helmat 0.939071 660 356 718 436
helmat 0.939673 399 165 457 247
helmat 0.939987 868 135 924 213
helmat 0.942579 744 147 794 220
helmat 0.942669 528 137 572 208
head 0.944374 594 160 644 229
helmat 0.946844 218 206 277 300
helmat 0.948164 77 197 151 289
helmat 0.95014 905 192 975 274
helmat 0.95785 738 362 810 464
helmat 0.958177 910 340 990 448
helmat 0.958224 1047 177 1121 274
helmat 0.958846 305 163 360 242
