helmat 0.358104 883 177 931 244
head 0.551123 446 202 488 260
head 0.558945 343 99 385 155
helmat 0.709837 50 279 122 366
helmat 0.721346 781 372 859 481
helmat 0.931574 589 198 637 261
head 0.931927 323 167 368 235
head 0.932209 205 188 251 245
helmat 0.934349 688 172 735 232
helmat 0.936626 760 176 806 234
helmat 0.938532 512 84 563 142
helmat 0.942612 595 103 647 165
helmat 0.944409 703 329 755 405
helmat 0.946744 562 326 615 404
helmat 0.947699 97 179 146 245
helmat 0.957565 825 175 891 256
