head 0.431346 96 24 129 73
helmat 0.486874 148 31 181 81
helmat 0.54146 353 42 387 88
head 0.633632 208 14 244 60
helmat 0.730335 639 27 671 77
helmat 0.745001 209 14 243 59
head 0.79279 353 42 387 88
helmat 0.818568 97 24 129 73
head 0.829636 639 27 671 76
helmat 0.86678 45 35 77 79
helmat 0.868974 269 33 301 79
head 0.873136 45 35 77 79
head 0.883919 587 29 629 82
helmat 0.88603 312 24 342 73
head 0.911408 147 31 181 81
head 0.922365 690 16 725 66
helmat 0.928753 413 19 449 67
head 0.936942 533 20 569 70
head 0.93774 733 35 774 89
head 0.942666 486 30 522 76
