helmat 0.464796 597 161 646 232
helmat 0.506647 518 153 566 245
helmat 0.78328 184 203 227 286
helmat 0.837897 368 176 407 230
helmat 0.89062 500 217 561 308
helmat 0.930309 672 170 718 239
helmat 0.9317 344 232 413 323
helmat 0.935584 805 140 849 210
helmat 0.939071 660 356 718 436
helmat 0.939987 868 135 924 213
helmat 0.94167 397 165 457 252
helmat 0.942579 744 147 794 220
helmat 0.944051 527 137 573 207
head 0.944374 594 160 644 229
helmat 0.948164 77 197 151 289
helmat 0.949386 216 204 278 304
helmat 0.95014 905 192 975 274
helmat 0.95785 738 362 810 464
helmat 0.958177 910 340 990 448
helmat 0.958224 1047 177 1121 274
helmat 0.958846 305 163 360 242
