helmat 0.765581 376 27 419 85
head 0.799606 584 27 626 81
helmat 0.811605 260 47 300 108
head 0.86178 488 36 529 94
helmat 0.863159 454 61 493 120
head 0.890624 454 61 493 120
head 0.905949 540 28 580 90
helmat 0.912383 86 36 131 93
helmat 0.9174 539 29 579 88
head 0.922733 85 35 133 94
helmat 0.922775 585 27 624 80
helmat 0.926693 490 35 532 92
head 0.927731 375 24 422 85
helmat 0.929072 415 26 451 78
head 0.932865 208 18 246 73
head 0.939204 257 46 302 109
head 0.945357 305 39 337 86
head 0.947956 158 30 203 86
helmat 0.955434 645 22 696 95
