helmat 0.411135 792 177 869 251
head 0.551123 446 202 488 260
head 0.649154 339 100 383 156
helmat 0.670308 883 172 933 243
helmat 0.715925 781 373 859 480
helmat 0.798747 445 199 489 260
helmat 0.916114 49 279 123 366
helmat 0.931574 589 198 637 261
head 0.931927 323 167 368 235
head 0.932209 205 188 251 245
helmat 0.934349 688 172 735 232
helmat 0.936626 760 176 806 234
helmat 0.938532 512 84 563 142
helmat 0.943529 594 103 645 166
helmat 0.944409 703 329 755 405
helmat 0.946744 562 326 615 404
helmat 0.947699 97 179 146 245
helmat 0.957565 825 175 891 256
