helmat 0.281378 622 254 658 310
helmat 0.453382 361 261 390 297
head 0.602375 855 235 895 284
helmat 0.695722 855 236 896 285
helmat 0.743907 713 241 753 302
helmat 0.843671 312 236 349 295
head 0.851415 85 228 129 288
helmat 0.868008 439 242 478 296
helmat 0.888114 85 229 126 293
head 0.902441 522 225 565 285
helmat 0.91027 780 224 820 284
helmat 0.929005 247 242 286 300
helmat 0.933691 172 227 213 281
helmat 0.936286 734 300 784 367
helmat 0.940008 271 312 316 377
helmat 0.940286 617 309 664 372
helmat 0.943554 166 305 211 371
helmat 0.944425 848 292 898 355
helmat 0.945049 510 301 556 367
helmat 0.945301 392 306 439 375
