helmat 0.478285 6 0 33 17
helmat 0.58438 196 0 218 17
helmat 0.732427 261 0 284 23
helmat 0.777752 231 0 255 17
helmat 0.869385 299 0 326 23
helmat 0.893087 341 0 366 27
helmat 0.914014 380 0 412 37
helmat 0.922642 134 166 154 191
helmat 0.92357 8 158 33 186
helmat 0.924584 104 157 126 182
helmat 0.928398 47 161 68 188
helmat 0.928691 71 166 92 192
helmat 0.932922 165 158 186 184
helmat 0.934227 380 139 408 175
helmat 0.936535 196 157 218 184
helmat 0.939529 261 151 284 180
helmat 0.940448 301 151 324 182
helmat 0.941578 340 148 366 180
helmat 0.946106 232 158 253 187
