helmat 0.250123 9 367 75 453
head 0.321315 740 343 790 414
head 0.396231 651 336 707 420
head 0.877754 645 334 684 387
helmat 0.893233 0 394 36 481
head 0.903677 668 356 724 440
helmat 0.906955 668 356 724 440
helmat 0.927447 312 361 364 430
head 0.927792 429 368 493 449
head 0.929111 565 361 633 456
helmat 0.93571 50 366 113 446
head 0.942567 1060 323 1124 393
helmat 0.943123 742 347 791 417
helmat 0.945454 940 319 998 394
helmat 0.946963 181 351 233 422
helmat 0.951432 234 341 296 442
head 0.957251 824 332 892 416
