helmat 0.305742 494 120 523 163
head 0.410295 587 125 609 158
helmat 0.464891 248 121 293 163
head 0.554288 90 151 117 187
helmat 0.72135 90 151 118 187
helmat 0.77364 226 125 245 156
helmat 0.895179 266 132 297 172
helmat 0.904065 242 118 268 158
head 0.913331 567 128 606 165
helmat 0.9198 370 110 395 137
helmat 0.92136 162 134 196 171
helmat 0.925638 368 138 397 175
helmat 0.931402 345 119 372 160
head 0.937293 494 120 525 162
helmat 0.939241 309 127 339 169
helmat 0.942989 14 139 46 185
helmat 0.953954 422 136 452 177
