helmat 0.486874 148 31 181 81
helmat 0.54146 353 42 387 88
helmat 0.682078 689 18 725 64
helmat 0.730335 639 27 671 77
helmat 0.745001 209 14 243 59
head 0.79279 353 42 387 88
helmat 0.818568 97 24 129 73
head 0.829636 639 27 671 76
head 0.832806 271 36 301 77
head 0.862958 96 25 130 71
helmat 0.86678 45 35 77 79
helmat 0.868974 269 33 301 79
head 0.878052 45 34 79 78
head 0.883919 587 29 629 82
helmat 0.88603 312 24 342 73
head 0.90078 207 11 245 62
head 0.904486 312 24 342 72
head 0.918108 148 32 181 79
head 0.922365 690 16 725 66
helmat 0.928753 413 19 449 67
head 0.936942 533 20 569 70
head 0.93774 733 35 774 89
head 0.942666 486 30 522 76
